y1_y1
4.149738020658672
10.941653545893644
1.8207125640185766
4.736845363648811
5.559876053681673
5.355614455371172
3.9222450232342947
2.324878341185868
3.5337773466505507
7.344064911207969
3.405484321974462
2.80957638327325
4.308786902263157
7.470112627351129
3.114556123217196
7.99762202219492
2.0773746990498316
7.565660683576515
4.841659370061252
5.481554366070971
5.0272687970175625
8.25584231724637
3.9637691567237483
3.3670015549312966
7.457797093035667
5.423918789023455
5.360594537841496
7.686679027148303
2.280348319633345
15.033648184295396
9.439667466482298
3.411283922906765
3.4678999173834693
7.261703177442687
14.010080580700507
1.6859193516818498
5.646338162854522
5.190471370685757
6.975434521335311
5.605274202757808
3.892476882902321
2.657634310443269
12.754170049237146
6.633749006488086
3.0452000295649846
1.7346141709351328
3.531634779442701
3.888525362244012
3.238175826892471
8.983992096008521
