1:ϵ_1:ϵ,1:ϵ_2:ϵ,1:ϵ_3:ϵ,2:ϵ_1:ϵ,2:ϵ_2:ϵ,2:ϵ_3:ϵ,3:ϵ_1:ϵ,3:ϵ_2:ϵ,3:ϵ_3:ϵ
0.6529857219208671,-0.00629050563109456,-0.025384414020190527,-0.00629050563109456,0.8354651237461685,-0.013231272033453038,-0.025384414020190534,-0.013231272033453038,1.0575448504623128
0.6954473962342658,-0.46477978711277806,-0.2778292596864785,-0.46477978711277806,0.6726476789503821,0.27892717903705694,-0.27782925968647854,0.27892717903705694,0.6427094792318517
0.18675182095983384,0.05353936944461799,0.09044768383020853,0.053539369444618026,0.7053580789802334,-0.14279999692719794,0.09044768383020853,-0.14279999692719791,0.4492486656745102
1.1011998214420853,0.16048393940513167,-0.04777376569359279,0.1604839394051317,0.680053382153521,-0.06566122174289785,-0.04777376569359279,-0.06566122174289785,0.2965361037042789
0.28810369092002863,-0.1340827134172201,-0.016439230725151695,-0.13408271341722008,0.8141780832159825,0.22043556587023916,-0.01643923072515169,0.22043556587023916,0.5719550952038596
0.5228913519275963,-0.02883229170299695,0.2971287148155045,-0.028832291702996938,0.4402445464502143,-0.14880617987313913,0.29712871481550446,-0.14880617987313913,1.540479305573977
0.276659771085667,0.16116600282080906,0.007695797513381505,0.16116600282080903,0.5545191301741954,-0.08907536566936786,0.007695797513381517,-0.08907536566936784,0.5745543321574702
0.9665513246997627,-0.37491068935064353,0.5124738828856112,-0.37491068935064353,0.479221586162652,-0.33021098372451463,0.5124738828856112,-0.33021098372451463,0.806100626394272
0.2556172873464379,-0.07583620791994157,0.06405885851350651,-0.07583620791994158,0.5476197244272376,-0.3707723738731687,0.06405885851350653,-0.3707723738731687,0.9496327016089428
0.35088224665917817,0.24650041033164916,0.16007832349213014,0.24650041033164916,0.6047406837027174,0.24605113330197131,0.16007832349213016,0.24605113330197131,0.6497276165352359
0.2891104568262881,-0.33688251749597137,-0.07297622780618868,-0.33688251749597214,2.5565183799617914,1.471557465236327,-0.07297622780618912,1.471557465236327,1.4466053214694299
0.8030048475301712,-0.061165561596601824,-0.25783525159548587,-0.061165561596601824,0.8096235276567354,0.10250311304536543,-0.2578352515954859,0.10250311304536545,0.4372198725114274
1.1883979196831116,0.03673889534158569,-0.009223739633598627,0.03673889534158569,0.568476262472507,0.29399010835885364,-0.009223739633598628,0.29399010835885364,0.619920272977231
0.7089554457077237,0.144828630487457,-0.20004696979117992,0.144828630487457,1.0620450957046508,-0.2409850405111112,-0.20004696979117992,-0.2409850405111112,0.38332675885787315
0.42896920879652906,-0.24542982844820987,0.1270609474927629,-0.24542982844820993,0.879601182189528,0.409140040823916,0.12706094749276298,0.409140040823916,1.024704432673425
0.5665101176779241,-0.12094885160316907,0.29098714471801906,-0.12094885160316907,0.3819262983898383,-0.2733489581737974,0.29098714471801906,-0.2733489581737974,0.87618150715631
1.3879701885376639,2.1114529976528544,-1.122701869346344,2.1114529976528544,4.891380587269382,-2.065267551195331,-1.122701869346344,-2.065267551195331,1.2486776731120564
0.5990036831370141,0.05602978469919082,-0.18189293722613728,0.056029784699190836,0.41307902466624935,-0.18993986753287492,-0.18189293722613734,-0.18993986753287492,0.38544495308420945
0.31722472555824993,0.06589996767708652,0.05493435160220983,0.0658999676770865,0.3183982901688483,-0.11206969480658435,0.054934351602209844,-0.11206969480658434,0.5290623126442067
0.9829028628909144,-0.7071702935876403,1.4667493709182464,-0.7071702935876405,0.8997133728392162,-1.5213403025717744,1.4667493709182466,-1.5213403025717744,4.995404798091343
1.6872270155958826,0.6642261128318568,-1.3165008043127264,0.664226112831857,0.631469327596615,-0.44805303065578767,-1.3165008043127262,-0.44805303065578755,1.2998847124984048
0.8209420807359882,-0.6972016968862446,0.22720589833108146,-0.6972016968862446,1.167926742391966,-0.20679949805823633,0.22720589833108149,-0.20679949805823636,0.4255193627859932
0.9637167153279755,0.4646891787901477,0.2502730381086121,0.4646891787901477,0.7336257369534893,0.680260289158193,0.2502730381086124,0.6802602891581931,1.2042984337023306
1.8039381247875887,0.5653080420658569,-1.0654838501846502,0.5653080420658569,0.46710084675310864,-0.3711642611988965,-1.0654838501846502,-0.3711642611988965,1.142616465391049
0.45713239151155316,-0.15244105774929584,-0.1848829173772274,-0.1524410577492959,1.2444543185348305,1.8314553508541505,-0.1848829173772275,1.8314553508541502,3.6651469062552855
0.666235584014995,0.12226148883786055,0.009817163884368957,0.12226148883786055,0.28576180987232597,0.0007844218345649683,0.009817163884368957,0.000784421834564968,0.9695652919395786
0.46065866678297673,0.2565802061712994,-0.17332120335093945,0.25658020617129945,1.1520386256069506,-0.17878160696126635,-0.17332120335093942,-0.17878160696126633,0.6170337557408144
1.1180697958869659,-0.579489187788769,-0.1463430689204424,-0.5794891877887691,0.7975158218184542,-0.03387873807195651,-0.14634306892044238,-0.03387873807195652,0.4131625225018165
0.49612939727306343,-0.1079902831993029,0.01662593023218278,-0.10799028319930289,2.0259823739795384,0.040537045583802576,0.01662593023218278,0.040537045583802576,0.3789397135337728
0.5484328207246699,-0.3951825539850346,0.019342840364195,-0.39518255398503455,1.0831141194029634,-0.19971162334706855,0.019342840364194983,-0.19971162334706852,0.5818231905038546
0.6141720102169734,0.15698180583094115,-0.4723685258987582,0.15698180583094112,1.2092716908434262,-0.3257767160638754,-0.4723685258987582,-0.3257767160638754,0.9665962124574767
0.6839678035066703,0.15531313313008072,-0.7217312236107828,0.1553131331300807,0.16140132892983647,-0.23816369342556631,-0.7217312236107828,-0.23816369342556634,1.3714192213889425
0.7537600594705496,-0.5164442687011844,-0.26909458169229405,-0.5164442687011842,1.362681908572174,-0.2727344018331642,-0.26909458169229417,-0.2727344018331641,0.5654241696425693
0.7337183136145451,0.35212847343641407,0.1212275926256682,0.35212847343641407,0.5046948089463088,0.10437768225043786,0.12122759262566818,0.10437768225043786,0.31156529157697394
0.7269084507031549,-0.47963832638602244,-0.5174704285869001,-0.47963832638602255,0.9254033233510779,0.2020701043012203,-0.5174704285869,0.2020701043012202,1.3183446691372431
0.4909318404279807,0.13162961644324775,-0.17006624084122937,0.13162961644324775,0.1967383141984268,-0.0952982467007369,-0.17006624084122934,-0.0952982467007369,0.37646873523240604
0.32855869608859267,0.19176312964099662,-0.06129491953777316,0.19176312964099662,1.9142280549406956,0.014519446201923735,-0.06129491953777316,0.01451944620192373,0.36122584520980094
0.8464482086832059,-0.2536217262651126,0.8822138261287249,-0.2536217262651126,0.5506372811991015,-0.23646301996206132,0.8822138261287246,-0.23646301996206126,1.699121869881408
0.6261226358573777,-0.19321785944394004,0.19224874655262741,-0.19321785944394002,0.6050945977981407,0.1583303476006893,0.1922487465526274,0.15833034760068923,0.7257621359293324
0.6061727707339426,-0.03713831056812163,0.008046821420535304,-0.03713831056812163,0.9673625650861353,0.6510254074893984,0.008046821420535305,0.6510254074893984,1.3408253846519085
0.5202120175811614,-0.057663306398894554,0.10272008601842851,-0.057663306398894554,0.47672109670728535,-0.040035068098687225,0.10272008601842851,-0.040035068098687225,0.33858237247791395
0.432984323937609,0.0934038491479501,-0.10091105201902395,0.0934038491479501,0.5153484955674628,-0.13485922454320448,-0.10091105201902395,-0.1348592245432045,0.7453258069603812
2.1127801521086367,1.2524986905212452,0.8497963429304881,1.2524986905212456,1.8300557937822286,1.1125294247154642,0.849796342930488,1.112529424715464,0.9241066595339175
2.5482430226637716,0.43889413275515354,-0.44042166441824804,0.438894132755153,0.4907812587873899,0.38289239200781827,-0.4404216644182489,0.3828923920078181,1.1165621118721327
0.6463183952513547,-0.032687030425190625,-0.01707733161688539,-0.03268703042519062,0.5807528413773033,0.549808334829204,-0.017077331616885388,0.549808334829204,1.7123643456374271
1.2425825588342836,0.39665114970288046,0.389154493754285,0.3966511497028804,0.9421626228281632,0.348063945542791,0.3891544937542849,0.348063945542791,0.6337974451464236
0.553666658838214,0.03515991081150405,-0.04745542847666772,0.03515991081150405,0.471074923707055,-0.07508679430672004,-0.04745542847666771,-0.07508679430672004,0.29165825041366517
1.0659958124051294,0.16968955679169564,-1.5039759475332914,0.1696895567916955,0.3572259274006939,-0.4933093564396684,-1.5039759475332912,-0.49330935643966856,3.3607645970323925
0.9312486722710259,-0.4240565872532398,0.22725549703851472,-0.42405658725323986,0.6128371732487835,0.0037508377802494934,0.2272554970385147,0.0037508377802494934,0.40184589368850343
0.4620087169145378,0.07180674307170977,-0.15525848031204392,0.07180674307170981,1.0716626709299542,-0.27447271028570874,-0.15525848031204398,-0.27447271028570874,0.3109558521452126
