0.5370108170067487
0.4017021169820181
0.40793905438848066
0.24349254001916631
0.9402288759371821
0.3375703193427868
0.7210552742370645
0.40804266698171116
0.7002211678530009
0.052930687822731394
0.3058751212434867
0.5436025423489598
0.0791635561514962
0.24082539600669028
0.9296659923297053
0.03992920981917261
0.8837933013397622
0.47741535239146504
0.861768667110411
0.49965711768593296
0.014131022604369032
0.2357387438781063
0.365941194909957
0.7497585572203116
0.4866011083398889
0.32622908585270516
0.031365905961493364
0.6957182247901791
0.43604373678635533
0.17331781107178146
0.43971094114923426
0.26428133904583845
0.2504593933821794
0.038891636996731094
0.44868196939575183
0.2061860851530486
0.4285257927248683
0.7152853487429056
0.94484628594819
0.16482021902858182
0.27762372420049153
0.21061347132049535
0.7055938271175443
0.9271086759226748
0.30172652855473586
0.014712940895871046
0.2855422947605737
0.3313208940949891
0.027370066551685616
0.06811646293136307
