1:ϵ_1:ϵ
0.38774463448834406
0.6988824466945238
0.599315239700772
0.7933728206495074
1.7584202583784732
0.5679015434035454
1.704109333703114
3.3337336704244076
0.28232449258333386
0.6522226833336713
0.6718458720226365
1.8657864801102906
0.7890027516605177
0.44947397958276225
0.5189660453417979
2.2804623694098898
1.2397257245231033
0.5913635794149862
2.6376954693211827
0.6652714810631423
0.8431718683730911
0.5308776022599614
5.081076365307798
0.5921101035011684
0.5604160412881531
0.3087329059927857
2.3468043638948846
0.3633852316804112
0.3940112975979053
0.18998942733787644
1.1787937066589083
0.3761310095881032
0.8443068029658471
0.5856302168541293
0.5218878862234149
0.4223683253543108
0.7286079633494033
1.1254815405017755
0.7003303730536585
0.8331049424611987
0.7350706176227966
0.3675471731331057
0.9327439828952877
0.5612629974180549
0.7781067452087849
0.9955234621582787
0.6269411408920298
0.6005575095841437
2.1725174391442894
0.5760269728510949
