1.9738383035859024
0.2546272203680923
0.30337551944352986
0.12631235777206723
0.1896161953782854
0.11872990045824607
0.23748387839849103
0.9268435728849808
0.21342880039830084
0.35560246943052987
0.1274818886073368
0.5518369385610388
0.862235639069524
1.791186271353685
1.006538080679635
0.20706098355474245
0.9760486212593026
0.364160325822351
0.2382263861418754
1.0377514793061196
0.1421470675824005
0.20013245778053043
0.2958718407527321
0.13928597597043624
0.36502649189103714
0.17458666835252482
0.31549122378897837
1.3447643309014166
2.6690645375567663
0.7830415172097662
0.10804660748453546
0.2506176102448609
1.8011453491699032
0.38146722131497474
0.6519918478902371
0.7714678846068802
0.6931164940723819
1.6130881766616283
0.46047411030165136
0.6058796576058741
4.055459236615575
0.7346777324432202
0.5546922911458472
0.9617585809782104
0.48173634128447
0.2977921158009151
1.1580413970453884
0.5198955387925571
2.8689863518215386
0.7480088856477248
