1:x2_1:x2
0.6579649862648888
0.5063051342820796
2.0179130980063014
0.3378090877940416
0.37056046333516174
0.3726445020546637
0.3172182679580284
0.541923002487038
0.46053431351648705
0.6886931659501974
0.36639050892463015
0.574779020783656
0.4616619455378326
0.6328111498551052
0.6784051092961549
0.3556381422911607
2.0247344499786655
0.29522261475202555
0.7699350018853393
0.9147245939311649
0.5061974379198805
2.4752995852131563
0.4753215307537435
0.8143647887472203
0.46786059487928505
0.3210676165378685
0.7040307030586179
0.4348306902341954
0.5336954348008771
0.38004919196114023
0.33344005246550035
0.8220533107988378
0.7878787681944635
0.5599800924805715
0.9848538521425784
5.9188344464222435
1.0088543788658497
1.1038152202387674
2.152284700828458
0.7112017207941114
0.9390922515779131
1.3813941593243473
0.5160292429084031
0.2522883429918051
0.29197825382111525
0.7424410075551376
0.4291740732421624
0.3437802668857691
0.8547378639462889
3.547821374613935
