y1_y1
0.23421244650589226
3.0225815310587563
1.3666346647630934
0.6566385561479985
0.8888753041347279
0.6934587233863728
0.36736083729923047
0.48373962023753375
2.860825611365832
0.3950401037081727
0.48090689817390286
0.5328522417266577
3.2064262896795914
3.1649025046346106
2.1324304226403097
0.830572444014804
0.5002181963997133
0.9904237252586735
0.5474632945415683
0.5002746969748976
1.8172703294047365
0.7973661545380452
3.72060080050006
0.27995245130017804
1.0381664979361618
0.6603422968262038
0.2023387960050203
5.035480910032515
0.5397871451398741
6.788831211325118
0.7066115375133093
1.0297901858773038
1.0839813091143538
1.8954449434593683
0.17501115443987472
0.2390393336536937
0.9160366621102398
1.1621060807132928
1.2612720196411265
0.22343398476372234
1.049644130519655
1.6026941621894926
4.9614092772288805
0.9958964973325529
0.47205466414019026
0.7318854499159991
0.3433866766030964
0.6879982288015783
0.4943983487407988
0.4907478468389192
