1:x2_1:x2
0.4224012944752615
0.2968252007066063
5.011436358503426
0.9120392423704218
0.7121757016606289
2.0690742205931656
1.141296885933961
0.6827502181204065
20.64720367727635
2.4754393461073945
2.3296478961121587
1.9499707234312422
0.5201675741774294
0.8190730168784317
1.3507152965311207
5.893109305926935
0.8298773470996
0.9516933076791058
1.3628269495086542
5.315674100744914
0.49348577586456444
1.6130133395427557
0.5282935832786599
0.47885344781421224
1.0365877519064306
0.9544198808632632
0.5535097014007152
1.153081198476733
0.5540379173273575
4.377201267159792
1.9945680289475274
0.7311514212466931
2.595699239884659
1.0066886670610102
1.429815125817016
1.4151120645544086
0.6781617548238876
1.0745533082169036
0.46757035616088466
0.5007304514394891
0.47687479741483846
1.3035688324108266
3.203214077837089
1.057524157922965
1.6786474695771467
2.072738332826137
0.7217935303308286
0.34410382116490834
1.1745078647745268
3.040537396836289
